0 0.574127 0.220445 0.581078 0.224856 0.588973 0.225061 0.594895 0.219624 0.597126 0.210700 0.594466 0.201878 0.587600 0.199313 0.579104 0.202801 0.574985 0.207930 0.573440 0.213982
0 0.500163 0.271094 0.501144 0.270605 0.510131 0.269727 0.514624 0.277148 0.513154 0.285937 0.509804 0.291504 0.503922 0.292578 0.499346 0.290527 0.497386 0.286035 0.497304 0.279102
0 0.119867 0.915897 0.126882 0.923542 0.136991 0.921569 0.142974 0.914171 0.145450 0.903320 0.140085 0.893209 0.133896 0.891483 0.126056 0.895429 0.123787 0.902827
0 0.135753 0.692718 0.136166 0.700856 0.143180 0.706282 0.149782 0.703322 0.156384 0.695677 0.159066 0.688279 0.155146 0.681128 0.151639 0.679401 0.142355 0.685073
0 0.114090 0.729956 0.120073 0.736368 0.128532 0.736368 0.134515 0.728230 0.132246 0.719105 0.125644 0.716886 0.120899 0.715899 0.115328 0.721078
0 0.070352 0.778044 0.075510 0.782976 0.084175 0.780510 0.088508 0.771386 0.083556 0.762508 0.074272 0.764974 0.070971 0.771139
0 0.018568 0.782236 0.010522 0.797033 0.001444 0.805417 0.000413 0.792347 0.009078 0.782236
0 0.014235 0.805417 0.021663 0.809610 0.034041 0.804184 0.036517 0.796786 0.034660 0.789881 0.027439 0.787908 0.022901 0.787908 0.020219 0.792347 0.015886 0.797033
0 0.024757 0.782236 0.032597 0.784949 0.037549 0.785689 0.045182 0.779524 0.050546 0.771386 0.049927 0.764234 0.045595 0.762015 0.037549 0.763741 0.033835 0.766700 0.028677 0.769659 0.026408 0.772372 0.023520 0.776564 0.023313 0.778537
0 0.006396 0.837230 0.012998 0.839449 0.020837 0.833531 0.024551 0.823913 0.022282 0.817748 0.017536 0.816022 0.009490 0.817255 0.006189 0.823666 0.005570 0.829585
0 0.003095 0.859178 0.014442 0.866083 0.023107 0.861890 0.024345 0.854492 0.019393 0.847341 0.010728 0.847094 0.006396 0.850053 0.003507 0.855725
0 0.105631 0.983714 0.114090 0.986673 0.116566 0.993578 0.112440 0.997524 0.105838 0.998017 0.101505 0.992839