0 0.519526 0.125781 0.527288 0.121777 0.533824 0.120215 0.535703 0.125000 0.533007 0.131543 0.529739 0.134766 0.523693 0.136230 0.518873 0.133105 0.519036 0.126855
0 0.528065 0.430672 0.534925 0.428435 0.540694 0.430112 0.543188 0.437194 0.543188 0.444649 0.539602 0.446513 0.533054 0.450054 0.527753 0.449308 0.525882 0.444090 0.524790 0.435703
0 0.520893 0.529073 0.529156 0.534664 0.532274 0.539883 0.533366 0.550319 0.530871 0.556096 0.528688 0.561501 0.521204 0.566347 0.512941 0.565601 0.504054 0.557774 0.502806 0.546405 0.507952 0.536901 0.513253 0.531310
0 0.603995 0.532055 0.603995 0.537273 0.608361 0.541933 0.612882 0.542119 0.617872 0.542119 0.625823 0.539323 0.627538 0.531869 0.624576 0.520873 0.619587 0.518637 0.610232 0.518637 0.607737 0.519941 0.604619 0.525719 0.603995 0.528514
0 0.245507 0.533984 0.250000 0.531738 0.254575 0.531738 0.257271 0.533887 0.258578 0.536719 0.258578 0.540137 0.258497 0.543555 0.257598 0.546973 0.254003 0.549414 0.250572 0.549805 0.243954 0.547461 0.243137 0.545898 0.242729 0.543359 0.243464 0.538867
0 0.032395 0.763591 0.037023 0.767208 0.041829 0.771463 0.049304 0.767846 0.054288 0.760612 0.056602 0.753166 0.054466 0.744655 0.048948 0.739762 0.042897 0.738486 0.037913 0.739549 0.033107 0.743166 0.031683 0.749549 0.031683 0.754442 0.031505 0.759123 0.031505 0.761463
0 0.036667 0.877204 0.043431 0.883587 0.046456 0.884225 0.050728 0.882098 0.051974 0.874226 0.049660 0.867843 0.045389 0.866141 0.040761 0.866141 0.037557 0.868907
0 0.055356 0.871247 0.061052 0.874013 0.068528 0.870609 0.071910 0.862737 0.069062 0.855928 0.060874 0.853588 0.054644 0.857205 0.053576 0.864439
0 0.076360 0.924224 0.080097 0.929117 0.091489 0.930181 0.097007 0.925500 0.096829 0.916777 0.094337 0.906990 0.087039 0.905714 0.082767 0.905714 0.077783 0.908480 0.077071 0.917841
0 0.046634 0.949968 0.046812 0.955074 0.049482 0.959329 0.059094 0.961244 0.064078 0.955287 0.068172 0.949542 0.067282 0.942521 0.060874 0.941032 0.054466 0.940819 0.050016 0.941883 0.047702 0.945500
0 0.122104 0.998477 0.125130 0.992307 0.122994 0.985286 0.118188 0.981456 0.115518 0.980818 0.112670 0.980818 0.109466 0.981243 0.107331 0.982945 0.105017 0.985286 0.104305 0.990605 0.105907 0.996136 0.106619 0.998689 0.106842 0.999023 0.113204 0.999023 0.118366 0.999023 0.121748 0.999023